0.00042724609375
0.000762939453125
0.000274658203125
0.00042724609375
0.00048828125
0.0006103515625
0.00018310546875
0.00042724609375
0.00030517578125
0.000640869140625
0.0003662109375
0.000701904296875
0.000762939453125
0.000457763671875
0.00091552734375
0.000762939453125
0.00054931640625
0.00054931640625
0.0006103515625
0.000457763671875
0.000335693359375
0.000732421875
0.000396728515625
0.000701904296875
0.000640869140625
0.000396728515625
0.00042724609375
0.00030517578125
0.00048828125
0.000335693359375
0.000457763671875
0.000274658203125
0.0008544921875
0.205413818359375
0.19110107421875
0.09686279296875
0.1971435546875
0.140045166015625
0.228485107421875
0.006500244140625
0.002655029296875
0.013458251953125
0.1500244140625
0.304901123046875
0.019561767578125
0.102813720703125
0.019287109375
0.07293701171875
0.052154541015625
0.19757080078125
0.047119140625
0.10943603515625
0.044921875
0.004852294921875
0.334930419921875
0.08514404296875
0.108489990234375
0.01849365234375
0.004119873046875
0.007720947265625
0.088134765625
0.058563232421875
0.015167236328125
0.062652587890625
0.184600830078125
0.221832275390625
0.197113037109375
0.03167724609375
0.015869140625
0.305267333984375
0.2791748046875
0.157684326171875
0.68212890625
0.122833251953125
0.12554931640625
0.0032958984375
0.02459716796875
0.00677490234375
0.2672119140625
0.546783447265625
0.447509765625
0.06280517578125
0.10418701171875
0.14813232421875
0.159454345703125
0.51568603515625
0.0299072265625
0.398101806640625
0.072784423828125
0.257720947265625
0.266845703125
0.063140869140625
0.139404296875
0.00555419921875
0.0015869140625
0.001312255859375
0.02178955078125
0.12286376953125
0.09918212890625
0.385498046875
0.189788818359375
0.024078369140625
0.34283447265625
0.052520751953125
0.055877685546875
0.077423095703125
0.066802978515625
0.048583984375
0.243682861328125
0.198333740234375
0.12347412109375
0.253173828125
0.064422607421875
0.39404296875
0.18536376953125
0.060272216796875
0.10540771484375
0.0013427734375
0.415557861328125
0.70989990234375
0.148284912109375
0.438262939453125
0.263336181640625
0.1490478515625
0.00927734375
0.001220703125
0.00048828125
0.200836181640625
0.93548583984375
0.286834716796875
0.22216796875
0.14697265625
0.162628173828125
0.028594970703125
0.00213623046875
0.145355224609375
0.72027587890625
0.20391845703125
0.313812255859375
0.443328857421875
0.179840087890625
0.0372314453125
0.024810791015625
0.007537841796875
0.0732421875
0.41925048828125
0.24322509765625
0.416717529296875
0.395538330078125
0.019439697265625
0.047821044921875
0.0955810546875
0.05126953125
0.0010986328125
0.1312255859375
0.035430908203125
0.000579833984375
0.000457763671875
0.00103759765625
0.0006103515625
0.00067138671875
0.00048828125
0.0008544921875
0.000762939453125
0.0009765625
0.0003662109375
0.000946044921875
0.000579833984375
0.000457763671875
0.001007080078125
0.00079345703125
0.00054931640625
0.000213623046875
0.00146484375
0.00103759765625
0.032257080078125
0.02142333984375
0.000640869140625
0.000518798828125
0.0006103515625
0.000518798828125
0.00048828125
0.00054931640625
0.000762939453125
0.000762939453125
0.000823974609375
0.000701904296875
0.000885009765625
0.00091552734375
0.000732421875
0.000701904296875
0.00054931640625
0.001068115234375
0.0008544921875
0.00079345703125
0.0006103515625
0.00054931640625
0.00091552734375
0.005035400390625
0.000579833984375
0.00091552734375
0.000732421875
0.00048828125
0.0008544921875
0.000701904296875
0.00048828125
0.000335693359375
0.00018310546875
0.00140380859375
0.0003662109375
0.000823974609375
0.00506591796875
0.000640869140625
0.168914794921875
0.32574462890625
0.41387939453125
0.399810791015625
0.203460693359375
0.016265869140625
0.005706787109375
0.00152587890625
0.00604248046875
0.13232421875
0.14044189453125
0.37615966796875
0.02093505859375
0.3138427734375
0.297607421875
0.470977783203125
0.22222900390625
0.065460205078125
0.18701171875
0.233154296875
0.648162841796875
0.0546875
0.10400390625
0.12908935546875
0.000885009765625
0.001312255859375
0.000274658203125
0.195587158203125
0.234649658203125
0.64813232421875
0.377471923828125
0.23138427734375
0.150604248046875
0.17401123046875
0.098297119140625
0.06817626953125
0.062652587890625
0.028533935546875
0.60076904296875
0.0733642578125
0.049163818359375
0.211944580078125
0.33026123046875
0.1695556640625
0.35284423828125
0.641998291015625
0.389190673828125
0.099365234375
0.05303955078125
0.137451171875
0.11907958984375
0.115020751953125
0.073760986328125
0.06402587890625
0.26080322265625
0.080780029296875
0.095001220703125
0.7337646484375
0.554779052734375
0.195831298828125
0.036041259765625
0.0013427734375
0.0113525390625
0.140228271484375
0.13555908203125
0.2005615234375
0.14471435546875
0.265350341796875
0.10382080078125
0.332916259765625
0.074981689453125
0.083221435546875
0.154296875
0.040496826171875
0.0157470703125
0.299407958984375
0.064178466796875
0.097442626953125
0.128326416015625
0.007965087890625
0.1895751953125
0.12030029296875
0.232879638671875
0.171417236328125
0.003143310546875
0.48956298828125
0.173248291015625
0.14581298828125
0.167510986328125
0.156585693359375
0.253509521484375
0.000701904296875
0.004241943359375
0.000396728515625
0.292999267578125
0.303955078125
0.627593994140625
0.134552001953125
0.185791015625
0.406036376953125
0.01318359375
0.010040283203125
0.0042724609375
0.846343994140625
0.263092041015625
0.50457763671875
0.38824462890625
0.202606201171875
0.1043701171875
0.01806640625
0.0029296875
0.115997314453125
0.169464111328125
0.24786376953125
0.160064697265625
0.6102294921875
0.103363037109375
0.1129150390625
0.1536865234375
0.0157470703125
0.145355224609375
0.003021240234375
0.003570556640625
0.000244140625
0.00018310546875
0.00054931640625
0.000274658203125
0.000701904296875
0.00048828125
0.00384521484375
0.001373291015625
0.000579833984375
0.001739501953125
0.00042724609375
0.000152587890625
0.295379638671875
0.090545654296875
0.123870849609375
0.077545166015625
0.239837646484375
0.119659423828125
0.011444091796875
0.033843994140625
0.162384033203125
0.349639892578125
0.427032470703125
0.11138916015625
0.28509521484375
0.21087646484375
0.158233642578125
0.2833251953125
0.0216064453125
0.1396484375
0.128509521484375
0.055389404296875
0.071533203125
0.245513916015625
0.12982177734375
0.04742431640625
0.012115478515625
0.004486083984375
0.005279541015625
0.1031494140625
0.0732421875
0.054351806640625
0.327972412109375
0.155059814453125
0.311981201171875
0.117095947265625
0.2457275390625
0.053741455078125
0.3624267578125
0.08197021484375
0.319671630859375
0.505126953125
0.31866455078125
0.082611083984375
0.0050048828125
0.15032958984375
0.00238037109375
0.325225830078125
0.711944580078125
0.68243408203125
0.20452880859375
0.05743408203125
0.510223388671875
0.1502685546875
0.49908447265625
0.01043701171875
0.244720458984375
0.13848876953125
0.10406494140625
0.52423095703125
0.126190185546875
0.12628173828125
0.019378662109375
0.01171875
0.00714111328125
0.081268310546875
0.09033203125
0.358612060546875
0.08282470703125
0.123870849609375
0.25701904296875
0.05023193359375
0.01324462890625
0.114532470703125
0.070892333984375
0.015533447265625
0.079803466796875
0.151824951171875
0.133758544921875
0.33880615234375
0.127227783203125
0.05413818359375
0.140899658203125
0.091949462890625
0.12939453125
0.0533447265625
0.04541015625
0.539794921875
0.27069091796875
0.061126708984375
0.751953125
0.161376953125
0.38116455078125
0.04046630859375
0.00653076171875
0.009674072265625
0.49615478515625
0.2623291015625
1.087066650390625
0.14129638671875
0.236724853515625
0.15692138671875
0.03509521484375
0.00048828125
0.0284423828125
0.213104248046875
0.71441650390625
0.41656494140625
0.375701904296875
0.05999755859375
0.185516357421875
0.04644775390625
0.04998779296875
0.133148193359375
0.245941162109375
0.208404541015625
0.16900634765625
0.188629150390625
0.188690185546875
0.531951904296875
0.049041748046875
0.00067138671875
0.000823974609375
0.000823974609375
0.00067138671875
0.000823974609375
0.001068115234375
0.00079345703125
0.0008544921875
0.00079345703125
0.000640869140625
